p3: -5.99 -437.31 9.89 0.079 0.907 0.413 -0.006
p2: -5.97 -417.25 9.90 0.079 0.907 0.413 -0.006
p1: -5.96 -397.71 9.91 0.079 0.907 0.413 -0.006
p6: -26.19 -437.00 10.22 0.079 0.907 0.413 -0.006
p5: -26.18 -417.54 10.20 0.079 0.907 0.413 -0.006
p4: -26.18 -397.43 10.08 0.079 0.907 0.413 -0.006
p9: -45.88 -437.43 10.38 0.079 0.907 0.413 -0.006
p8: -46.03 -417.54 10.37 0.079 0.907 0.413 -0.006
p7: -45.73 -397.68 10.36 0.079 0.907 0.413 -0.006
p12: -66.20 -437.29 10.68 0.079 0.907 0.413 -0.006
p11: -65.89 -417.80 10.67 0.079 0.907 0.413 -0.006
p10: -66.11 -397.60 10.58 0.079 0.907 0.413 -0.006
p15: -86.56 -437.42 10.72 0.079 0.907 0.413 -0.006
p14: -86.46 -417.62 10.72 0.079 0.907 0.413 -0.006
p13: -86.21 -397.85 10.71 0.079 0.907 0.413 -0.006