p1: -10.08 -398.39 9.45 0.044 0.734 0.677 -0.044 
p2: -10.08 -418.01 9.62 0.044 0.734 0.677 -0.044
p3: -10.08 -438.24 9.64 0.044 0.734 0.677 -0.044
p4: -29.67 -398.57 9.61 0.044 0.734 0.677 -0.044
p5: -29.86 -418.45 9.59 0.044 0.734 0.677 -0.044
p6: -30.16 -438.21 9.75 0.044 0.734 0.677 -0.044
p7: -50.40 -398.12 9.06 0.040 0.778 0.626 -0.046
p8: -50.75 -417.68 9.05 0.040 0.778 0.626 -0.046
p9: -50.48 -438.26 9.35 0.040 0.778 0.626 -0.046
p10: -70.77 -397.95 9.44 0.041 0.788 0.612 -0.052
p11: -70.61 -418.10 9.44 0.041 0.788 0.612 -0.052
p12: -70.86 -438.12 9.62 0.041 0.788 0.612 -0.052
p13: -89.69 -399.09 9.95 0.041 0.788 0.612 -0.052
p14: -90.21 -418.68 9.93 0.041 0.788 0.612 -0.052
p15: -90.22 -438.68 9.93 0.041 0.788 0.612 -0.052